42271.8
42250.05
42234.9
42219.85
42219.85
42227.05
42222.55
42225.35
42228.15
42227.35
42218.45
42212.55
42209.25
42200.6
42214.35
42206.25
42205.85
42202.3
42190.55
42189.4
42180.2
42180.2
42183.6
42193.2
42185.4
42185.7
42192.35
42196.05
42197.45
42197.5
42201.2
42202.65
42200.65
42208.6
42201.05
42192.4
42186.4
42178.15
42181.45
42178.6
42179.4
42172.6
42171.05
42166.25
42167.3
42167.65
42165.05
42165.8
42173.8
42165.95
42171.55
42170.65
42164.45
42161.1
42159.8
42160.45
42167.5
42184.85
42192.75
42199.35
42197.2
42197.4
42198.15
42197.9
42204.85
42211.35
42211.35
42211.35
42211.6
42213.15
42212.65
42216.95
42224.1
42221
42224.65
42227.8
42221
42217.95
42215.95
42212.65
42213.5
42216.5
42221.45
42213.15
42207.85
42217.15
42218.7
42218.75
42213.95
42212.55
42209.6
42214.6
42209.45
42209.45
42211.15
42213.9
42213.9
42213.6
42209.75
42204.35
42217.5
42213.35
42207
42204.45
42208.9
42204.75
42205.8
42209.35
42209.35
42210.5
42208.95
42216.4
42220.3
42234.1
42234.1
42249.85
42248.35
42255.9
42255.55
42246.1
42243.7
42250.55
42253.25
42257.95
42262.95
42265.4
42259.15
42257.9
42260.3
42261.1
42260.3
42253.45
42258.75
42256.9
42256.85
42256.9
42256.65
42254.7
42251.9
42251.9
42251.9
42245.7
42245.5
42243.05
42243.4
42245.95
42248.3
42241.35
42237.95
42238.45
42230.85
42232.55
42231
42232.35
42231.2
42228.8
42240.2
42240.2
42239.35
42240.35
42243.85
42248.1
42246.2
42249.5
42252.65
42251.4
42261.65
42260.8
42259.3
42254.95
42250.35
42256.1
42255.6
42256.3
42254.9
42252.2
42245.5
42245.9
42245.9
42241
42244.35
42248.8
42246.75
42246.95
42248.8
42256.4
42253.7
42254.7
42258.05
42254.75
42253
42251.65
42251.65
42252.9
42256.05
42256.05
42261.5
42261.45
42261.15
42261.45
42262.85
42262.85
42265.4
42265
42268.35
42273.05
42271.3
42273.4
42276.15
42273.85
42273.05
42271.6
42271.9
42273.3
42273.3
42273.3
42284.65
42285.9
42286.8
42288.4
42290.2
42290.55
42288.6
42288.6
42274.55
42275.4
42278.3
42277.7
42273.2
42270.85
42270.35
42265.85
42262.3
42266.65
42269.05
42263.7
42267.05
42267.15
42267.15
42267.9
42273.2
42273.55
42278.65
42273.4
42278.5
42278.5
42276.9
42274.65
42271.95
42272.95
42272.95
42272.85
42273.15
42275.1
42272.05
42270.4
42270.4
42273.3
42272.95
42271.9
42266.4
42268.25
42263.6
42258.75
42250.8
42246.6
42246.6
42243.3
42246.65
42246.45
42246.8
42249.05
42248.15
42247.3
42246.45
42246.45
42232.8
42227.65
42227.65
42215.5
42214.95
42218.25
42219.35
42216.9
42219.9
42223.25
42213.65
42213.65
42212.1
42210.5
42210.1
42196.45
42197.45
42190.7
42192.2
42192.05
42189.2
42192.9
42192.25
42192.05
42189.25
42191.25
42196.6
42197.75
42197.65
42204
42203.85
42199.7
42209.75
42212.25
42214.75
42214.75
42204.4
42206.55
42206.55
42197.05
42197.05
42197
42196.95
42197.7
42201.8
42202.8
42204.2
42202.65
42204.1
42208.1
42206.3
42201.8
42203
42201.35
42187.15
42187.15
42180.3
42175.2
42177.25
42175.7
42181.6
42190.2
42192.5
42193.25
42194.75
42192.25
42191.85
42194.55
42194.55
42197.15
42192.9
42189.95
42166.55
42171.65
42168.9
42174.9
42175.85
42175.1
42177.1
42183.55
42184.9
42182.95
42182.85
42185
42185
42184.55
42186.55
42185.95
42187.9
42190.55
42188.05
42187.15
42188.55
42184.9
42183.45
42184.55
42181.45
42182.05
42185.65
42186.05
42188.8
42188.8
42187.55
42187.6
42186.6
42180.4
42179.75
42182.5
42180.55
42180.55
42181.05
42181.35
42182.55
42185.2
42186.25
42184.6
42187.05
42187.35
42187.35
42190.3
42190.9
42193.25
42191.55
42194.3
42192.45
42195.65
42194.95
42196.5
42200.7
42200.7
42198.1
42196.85
42200.75
42200.9
42200.9
42200.6
42203.05
42205.25
42203.85
42204.05
42205.7
42205.55
42206.4
42209.95
42213.6
42212.65
42210.4
42214.85
42214.85
42218.3
42226.15
42229.75
42229.05
42232
42235.85
42240.5
42244.75
42244.5
42249.35
42248.3
42255.9
42252.85
42257.6
42264.5
42264.25
42264.25
42271.85
42271.05
42274.5
42272.45
42272.45
42276.1
42274.75
42273.3
42277.35
42274.75
42277.2
42278.9
42280.8
42276.65
42286.1
42282.5
42279.5
42280
42282.45
42282.15
42278.1
42278.1
42274.2
42261.4
42261.4
42255.8
42250.9
42258.1
42256.9
42254.25
42253.55
42254
42255.15
42255.65
42255.85
42257.55
42262.25
42263.45
42265.95
42264.5
42269.35
42267.4
42268.9
42268.35
42267.85
42268.35
42267.65
42269.1
42267.25
42267.25
42261.2
42256.9
42257.05
42256.8
42256.05
42256.65
42255.3
42255.85
42255.1
42251.7
42250.5
42246.6
42246.6
42243.5
42240.5
42235.2
42235.2
42231.95
42226.3
42227.1
42224
42225.55
42223.45
42224.95
42223.45
42221.1
42221.05
42220.85
42219.85
42219.8
42219.45
42219.65
42219.5
42216.75
42216.75
42215.4
42215.5
42215.25
42214.75
42213.9
42213.9
42220.35
42219.8
42220
42218.7
42221.25
42225.65
42225.5
42225.25
42227.3
42223.05
42222.35
42219.5
42220.85
42210.35
42210.35
42203.75
42198.2
42198.2
42190
42191.3
42179.95
42175.35
42172.35
42161.6
42165.1
42177.2
42181.75
42181.4
42180.75
42175.9
42172.7
42173.25
42174
42175.65
42166.75
42160.75
42160.75
42156.35
42157
42147.6
42150.3
42144.7
42142.35
42140.65
42140.1
42137.3
42134.95
42133.2
42134.9
42138.2
42132.2
42134.85
42136.45
42141.25
42149.2
42144.55
42142.85
42137.95
42133.55
42134.45
42133.65
42130.05
42134.3
42133.75
42135.4
42134.25
42134.55
42138.25
42141.3
42140.95
42140.9
42139.2
42141.35
42141.35
42140.85
42145.6
42148.75
42142.35
42141.7
42141.5
42143.6
42143.65
42141
42145.25
42145.25
42145.25
42146.75
42146.75
42147.8
42147.2
42147.35
42146.35
42145.2
42146.25
42146.25
42143.05
42142.25
42145.1
42147.65
42147.2
42148.1
42146.6
42148.85
42148.85
42148.95
42150.6
42150.6
42152.25
42149.85
42151.1
42153.95
42153.85
42153.05
42151.05
42146.4
42146.5
42140.1
42141.5
42141.5
42130
42126.9
42124.7
42122.15
42124.45
42124.75
42126.3
42126.6
42126.8
42125.45
42125.65
42127.25
42128.9
42126.3
42124.75
42127.95
42127.95
42132.2
42132.3
42137.05
42137.8
42134.25
42139.6
42138
42129.1
42134.1
42134
42133.4
42136.35
42131.85
42134.1
42136
42134.4
42136.75
42136.75
42136.8
42139
42138.3
42142.5
42139.55
42145.2
42145.2
42148.75
42148.4
42149.1
42149.1
42153.45
42154.05
42159.55
42158.5
42153.25
42155.5
42153.05
42154.85
42152.65
42139.35
42143.55
42149.65
42146.2
42144.85
42144.85
42151.55
42152.8
42155.95
42155.35
42155.2
42158.55
42156.35
42156.55
42156.15
42158.95
42160.75
42162.15
42168.55
42168.55
42179.55
42180.75
42180.75
42175.7
42174.55
42172.6
42181.35
42177.4
42182.45
42183.55
42180.65
42181.25
42180
42176.65
42174.5
42172
42179
42179
42181.6
42183.05
42183.75
42186.85
42185.6
42189.95
42189.95
42188.55
42187.85
42192.15
42195.25
42192.4
42197.55
42199.05
42198.8
42198.8
42191.45
42193.45
42193.8
42195.95
42196.3
42195.25
42187.2
42193.5
42186.1
42183.75
42186.05
42178.6
42177.35
42177.1
42175.4
42175.65
42175.65
42174.35
42177.4
42175.5
42174.5
42174.1
42175.1
42180
42180.15
42179.3
42177.8
42173.8
42176.15
42177.35
42177.75
42181
42179.95
42186.55
42186.4
42182.6
42181.05
42180.45
42173.5
42175.3
42175.3
42170.95
42172.75
42165.25
42167.7
42163.3
42163.2
42167.15
42170.4
42172.4
42174.85
42173
42174
42177.85
42177.1
42178.6
42181.7
42188.1
42192.2
42193.55
42193.55
42197.75
42203.15
42199.5
42202.9
42202.9
42216.7
42220.6
42222.7
42221.15
42223.7
42224.45
42224.7
42229.6
42228.55
42227.75
42227.75
42223.55
42226.2
42226.2
42222.6
42225.7
42228.45
42225.2
42218.95
42208.75
42207.35
42207.35
42209.8
42206.95
42207.9
42206.4
42206.05
42204.45
42200.6
42204.3
42204.95
42203.5
42203.35
42202
42201.4
42200.15
42195.7
42194.25
42190.3
42188.9
42188.9
42185.75
42185.25
42184.05
42175.9
42173.2
42169.85
42165
42166.8
42161.8
42153.2
42153.25
42158.45
42156.95
42157.3
42160.05
42163.3
42163
42161.15
42159.4
42161.95
42166.75
42160.1
42162.25
42165.7
42166.95
42168.5
42168.05
42168.05
42168.75
42165.05
42165.95
42166.7
42167.1
42167.1
42165.2
42163.3
42162
42162.4
42163.05
42163.05
42162.6
42166.65
42175.1
42176.05
42176.05
42183.75
42182.75
42180.7
42185.15
42189.35
42189.35
42194.2
42190.75
42191.6
42192.65
42193.2
42189.5
42191.55
42191.9
42194.7
42191.45
42191.45
42194.55
42197.5
42196.35
42195.75
42195.05
42197.95
42197.75
42196.1
42191.75
42195.25
42196.1
42194.9
42197.3
42196.45
42197.75
42198.2
42198.2
42196.75
42201
42201
42201.75
42199.85
42203.15
42200.3
42200.35
42201.55
42201.35
42199.65
42198.5
42197.65
42197.65
42192.1
42189.3
42182.7
42186
42173.8
42173.8
42174.65
42178.35
42178.35
42173.4
42177.6
42177
42176.8
42176.2
42179.7
42177.55
42177.65
42179
42181.05
42179.5
42186.15
42188.7
42190.55
42187.55
42185.9
42182.25
42182.25
42183.35
42187
42187.5
42193.6
42191.3
42193.85
42192.45
42196.5
42195.6
42194.3
42187.6
42190.6
42193.05
42191.85
42191.2
42189.15
42188.5
42188.85
42189
42190.8
42183.25
42185.45
42185.3
42185.3
42183.95
42185.55
42184.2
42184.55
42183.3
42183.75
42185
42187.55
42186.2
42189.55
42188.55
42188.4
42188
42187.6
42188.55
42189
42189
42189.15
42192.7
42190.8
42193.3
42191.75
42195.6
42195.7
42197.35
42195.95
42196.9
42197.5
42199.35
42201.75
42198.45
42195.5
42201.2
42199
42199
42195.25
42198.5
42198.45
42193.9
42193.9
42193.55
42195.2
42192.9
42191.15
42191.15
42191.15
42189.8
42187.75
42185.1
42185.2
42185.15
42185.15
42186.75
42186.25
42184.85
42186.35
42188.85
42186.25
42185.8
42187.75
42189.45
42189.45
42184.25
42179.45
42182.6
42173.4
42177.15
42168.25
42173.9
42172.3
42171.85
42167.65
42166.7
42166.7
42168.2
42166.4
42166.4
42166.4
42168
42169.25
42169
42168.4
42170.15
42172.25
42172.9
42169.7
42169.7
42169.7
42176.7
42176.7
42180.85
42184.1
42181.9
42184.4
42183.45
42181
42185.35
42185.35
42185.15
42184.1
42184.25
42184.25
42186.8
42184.4
42187.6
42186.9
42187.2
42186.85
42189.2
42190.2
42188.1
42189.55
42188.65
42189.05
42188.9
42187.15
42187.15
42189.8
42190.65
42189.9
42190.95
42190.1
42191.35
42191.75
42192.5
42190.4
42191.65
42191.05
42191.8
42193.25
42187.05
42188.3
42188
42188
42184.95
42185.95
42185.95
42184.6
42184.6
42174.4
42174.95
42172.85
42174.5
42174.15
42177.5
42175.35
42177.3
42177.05
42177.75
42183.1
42185.4
42183.8
42190
42193.55
42188.8
42191.55
42191.7
42192.55
42192
42192.1
42190.9
42192.1
42189.65
42189.75
42190.55
42189.05
42191.3
42192.5
42192.5
42191.25
42192.2
42190.75
42191.85
42184.15
42185.7
42183.15
42185.9
42189.35
42187.5
42188.3
42184.6
42181
42185.55
42183.65
42185.75
42189.25
42188.65
42187.5
42186.5
42186
42188.5
42189.05
42188.3
42187.4
42189.35
42189.35
42185.6
42182.8
42184.3
42183.75
42181.85
42182.25
42182.25
42188.35
42187.05
42181.7
42187.05
42180.3
42182.3
42181.75
42181.75
42182.05
42183.3
42184.1
42184
42184
42179.45
42180.35
42180.15
42182.3
42183.7
42185.15
42185.25
42189.9
42193.45
42195.65
42198.1
42198.1
42205.15
42205.6
42206.3
42205.8
42206.85
42209
42209.6
42208.35
42206.9
42206.25
42205.2
42205.2
42207.15
42207.15
42208.7
42208.75
42209.65
42209.85
42219.65
42220
42224.45
42224.8
42222.3
42222.55
42222.55
42226.6
42226.7
42227.9
42231.05
42228.75
42228.75
42224.6
42225.4
42225.95
42226.75
42226.5
42226.95
42227.85
42228.7
42226.75
42225.4
42230.7
42229.7
42229.35
42230.2
42230.85
42230.25
42230.25
42225.8
42224.9
42225.2
42226.9
42225.2
42225.3
42227.55
42227.3
42229.55
42230.4
42230.75
42229.15
42231.5
42232.95
42233.1
42232.55
42236.35
42237.2
42237.2
42239.85
42245.3
42248.95
42250.65
42250.85
42252
42252
42248.95
42254.2
42253.1
42253
42252.8
42254.1
42256
42255.95
42255.7
42258.1
42257.85
42254.4
42252.55
42252.6
42252.75
42255.45
42252.8
42253.55
42253.25
42249.95
42252.15
42257.35
42261.3
42261.3
42261.7
42261.1
42261.1
42260.9
42262.95
42261
42262.35
42261.4
42264
42266.1
42264.95
42264.95
42264.95
42268.4
42271.1
42270.25
42269.65
42269.95
42267.35
42267.35
42272.6
42271.3
42261.85
42266.4
42264.55
42266.6
42267.05
42268.55
42269.75
42269.7
42268.9
42270.1
42272.55
42272.55
42271.35
42267.25
42267.45
