42416.3
42336.3
42334.8
42334.8
42324.1
42324.55
42324.55
42321.9
42315.25
42309.6
42300.3
42302.8
42305
42305
42316.45
42326.6
42331.45
42337.9
42329.4
42327.6
42334.5
42328.6
42326.6
42323.8
42327.7
42321.4
42325.45
42323.7
42329.15
42323.5
42315.45
42329.75
42324.5
42329.5
42338.35
42338.35
42355.1
42360.95
42366.5
42362.75
42372.1
42373.65
42373.65
42392.05
42390
42381.55
42388
42388
42373.45
42374.35
42382.3
42381.75
42381.75
42381.75
42381.75
42376.65
42373.45
42364.85
42364.95
42359.75
42372.65
42360.25
42358.2
42340.3
42355.6
42356.3
42356.3
42347.35
42354.45
42360
42365.55
42359.7
42376.6
42374.5
42381.1
42382.75
42375.4
42379.3
42390.6
42381.7
42385
42393.4
42400.15
42404.35
42409.4
42408.15
42410.65
42413.05
42415.65
42415.65
42407.6
42405.4
42404.6
42400.5
42404.85
42407.4
42393.85
42393.85
42394.05
42389.85
42389.85
42395.3
42391.7
42393.1
42386.3
42381.25
42384.85
42386.2
42382.75
42382.75
42391.35
42393.5
42393.5
42400.05
42405.65
42405.5
42413.6
42419.7
42423.15
42422.2
42421.5
42423.6
42421.1
42419.5
42418.45
42415.65
42415.65
42427.3
42425.55
42429.15
42424.85
42410.45
42413.4
42411.7
42419.5
42420.55
42415.85
42406.85
42412.95
42412.55
42412.25
42419
42417.1
42425.05
42418.25
42422.25
42422.25
42422.65
42419.05
42419.05
42422.75
42422.95
42420.25
42425.3
42417.95
42416.9
42413.75
42418.75
42409.5
42416.9
42412.85
42417.2
42421.15
42421.15
42421.4
42423.35
42423.35
42436.7
42431.75
42435.4
42430.95
42417
42425.55
42433.7
42430.2
42423.6
42425.85
42425.85
42423.45
42425.2
42427.95
42428.65
42420.55
42414.55
42409.55
42411.75
42410.8
42409.45
42415
42405.15
42411.65
42408.6
42416.05
42410.2
42412.35
42417.65
42417.55
42417.95
42427.4
42425.15
42428.75
42425.65
42422.95
42421.65
42429.05
42425.65
42425.65
42430.15
42430.15
42425.25
42424.75
42433.6
42434.05
42420.75
42416.6
42421.5
42422.9
42426.6
42423.1
42425.55
42428.5
42425.55
42424.4
42423.65
42429.6
42426.45
42426.45
42427.1
42430.55
42426.25
42419
42414.75
42414.9
42411.2
42414.8
42415.4
42410.4
42404.45
42402.8
42394.1
42394.1
42396.55
42394.45
42395.45
42395.8
42396.4
42396.6
42395.85
42395.85
42402.4
42402.15
42406.3
42400.2
42400.8
42396.45
42390.1
42398.85
42401.55
42398.55
42397.45
42397.65
42401.7
42407.55
42410.8
42418.9
42422
42421.6
42427.85
42427.85
42434.75
42419.35
42419.35
42408.75
42408.75
42406.85
42399.15
42396.85
42395.05
42402.35
42398.3
42390.8
42399.95
42392.45
42395.6
42396.35
42393.8
42397.85
42394.65
42398.9
42395.65
42395.65
42393.5
42401.4
42397.15
42398.45
42403.45
42400.4
42402.65
42401.65
42401.65
42398.15
42402.45
42403.7
42404.6
42402.4
42402.4
42397.9
42407.15
42408
42414.8
42409.15
42411.15
42402.45
42404.2
42398.2
42397.15
42397.1
42401.2
42404.25
42397.05
42394.8
42391
42387.9
42390.8
42396.6
42396.6
42397.35
42397.35
42396.4
42391.3
42392.65
42383.6
42386.5
42377.4
42383.05
42376.4
42375.7
42377.75
42374.7
42379.45
42373.6
42372
42374.8
42374.15
42374.15
42374.05
42376.8
42385.2
42377.85
42377.3
42378.15
42381.9
42386.5
42389.1
42390
42396.35
42400.95
42397.15
42395
42396.85
42393.85
42394.9
42390.35
42395.15
42397.4
42394.15
42390.1
42389.95
42387.25
42382.3
42379.3
42371.75
42377.35
42377.5
42380.1
42377.2
42375.6
42374.2
42374.2
42368.1
42375.5
42376.05
42371.1
42376.3
42369.15
42369.35
42369.35
42365.55
42367.4
42366.1
42370.95
42368.1
42374.05
42371.9
42370.2
42367.9
42360.8
42358.65
42361.15
42361.15
42357.85
42357.95
42356.4
42356.3
42358.1
42360
42360.9
42360.9
42361.05
42361.05
42365.55
42356.1
42357.15
42355.2
42354.85
42363.45
42363.45
42361.55
42358.25
42360.1
42355.6
42355.6
42356.1
42352.6
42351.9
42345.25
42339.45
42339.45
42345.5
42346.3
42348.15
42349.8
42345.1
42349.8
42349.15
42352
42353
42352.05
42350.45
42348.25
42352.7
42353.05
42350.65
42355.15
42352.65
42352.65
42343.8
42345.7
42342.4
42346.75
42345.6
42342.7
42342.85
42349.95
42349.45
42350.6
42349.65
42351.05
42352.45
42354.9
42354.9
42359.9
42359.9
42355.95
42353.5
42352.15
42351.1
42353.1
42354.9
42357.55
42358.75
42357.75
42362
42365.05
42362.8
42365.35
42365.95
42359
42362.2
42362.2
42361.05
42358.1
42363.25
42363.25
42359.5
42366.3
42363.3
42365.6
42364.35
42361
42362.8
42362.4
42370.6
42367.85
42369.35
42369.35
42370.85
42375.1
42380.5
42381.75
42387.85
42387.85
42387.9
42388.1
42390.35
42386
42393.05
42393.55
42393.55
42390.65
42381.85
42382.6
42382.6
42384.2
42385.25
42390.15
42388.65
42386.45
42389.25
42386.65
42385.85
42387.6
42390
42393.45
42390.75
42389.8
42390.1
42390.75
42393.8
42393.8
42390.9
42391.05
42392.7
42392.2
42392.45
42390.75
42386
42387.6
42385.2
42380.45
42376.9
42376.9
42370.75
42370.75
42376.2
42377.2
42377.5
42376
42374.95
42376.15
42376
42378.3
42382.15
42383.4
42377.85
42379.7
42378.1
42381.2
42381.2
42375.7
42375.9
42375.15
42377.85
42378.5
42376.85
42383.7
42386.25
42386.9
42390.95
42397.75
42397.4
42404.15
42406
42405.75
42405.25
42398.1
42393.7
42399.6
42397.95
42394.75
42391.85
42391.45
42391.45
42385
42386.3
42382.9
42385.45
42385.6
42383.4
42382.5
42380.2
42383.7
42384.35
42381.95
42384.05
42380.05
42382.85
42384.9
42387.8
42395.4
42399.85
42393.85
42390.95
42393.3
42392.85
42400.45
42399.4
42399.3
42399.3
42398.5
42395
42394.95
42400.1
42398.25
42392.65
42396.5
42402.4
42402.4
42398.3
42397.4
42400.15
42397.35
42394
42394.6
42393.05
42390.65
42392.35
42391.3
42386.35
42393.9
42390.85
42387.4
42389.4
42389.4
42388.95
42389.1
42393.6
42393.3
42393.3
42397.05
42399.6
42397.45
42399.65
42401.7
42405.45
42401.5
42401
42401.85
42399.05
42404.55
42397.35
42395.6
42400.55
42399.8
42396.1
42395.6
42391.15
42395.15
42393.8
42396.35
42397.65
42393.8
42393.6
42392.4
42389.15
42384.95
42381.8
42385.3
42389.9
42388.35
42385.75
42385.8
42384.45
42388
42388
42385.1
42378.4
42377.2
42375.75
42378.3
42375.8
42376.1
42370.75
42374.8
42375.65
42375.8
42376.05
42377.7
42373.45
42371.15
42371.8
42371.8
42374.1
42370.25
42372.35
42364.6
42364.25
42368.75
42366.75
42367.85
42367.2
42368.6
42364.85
42367.25
42368.1
42365.35
42365.6
42367.3
42368.05
42366.95
42365.95
42365.95
42367.9
42368.05
42369.9
42367.15
42363.85
42359.5
42356.15
42356.15
42356.15
42347.2
42347.7
42343.6
42343.15
42342
42344.4
42344.85
42342.65
42345.85
42346.5
42347.45
42347.85
42347.75
42349.55
42349.55
42348.3
42346.85
42349.4
42350.4
42345.55
42345.7
42351.8
42351.8
42351.4
42349.35
42351.45
42351.2
42351.05
42350.2
42350.75
42345.95
42344.2
42343.9
42342.25
42346.1
42346.1
42356.85
42354.15
42354.75
42354.75
42356.55
42356.7
42355.4
42354.75
42355.3
42350.05
42350.05
42347.8
42345.65
42348.45
42348.35
42350.1
42349.85
42359.75
42359.75
42357.65
42356.25
42352.75
42353.5
42356.65
42354.05
42349.8
42357.55
42357.35
42358.75
42351.95
42353.9
42357.6
42357.6
42355.9
42349.55
42349.55
42345.4
42345.4
42335.9
42340.7
42336.65
42337.2
42337.2
42342.8
42338.65
42336.45
42339.55
42340.5
42339.8
42338.65
42332
42333
42335.5
42332.55
42329.95
42324.45
42325
42319.8
42325.1
42323.75
42325.35
42324.05
42324.3
42322.6
42320.85
42322.55
42324.4
42324.9
42321.85
42321.6
42323.45
42326.15
42325.65
42326.2
42335.05
42334.15
42329.5
42329.45
42331.55
42331.55
42326.25
42326
42326
42324.75
42326.05
42331.85
42333.15
42328.7
42330.55
42328.35
42329.2
42332.95
42330.95
42333.85
42331
42334.9
42334.9
42335.4
42332.65
42336.35
42339
42340.25
42336.1
42339.4
42333.55
42333.55
42331.7
42335.1
42337.15
42338.9
42335.55
42341.1
42338.6
42338.75
42339.85
42343.25
42343.9
42345.55
42345.55
42354.1
42355.4
42355.4
42360.9
42356.95
42357.3
42349.55
42348.2
42343.55
42343.8
42343.9
42338.1
42338.9
42337.4
42336.45
42337.3
42335.65
42337.1
42332.6
42337.6
42339.75
42333.7
42335.4
42336.4
42335
42334
42330.25
42333.3
42333.45
42338.85
42338.85
42336.85
42345
42340.95
42347.55
42347.55
42345.85
42351.55
42352.75
42361.9
42361.9
42356
42356.9
42358.5
42358.8
42357.45
42354.65
42353
42348.45
42354.95
42355.65
42355.65
42360.2
42358.75
42353.9
42352.45
42352.45
42352
42353.25
42352.5
42345.3
42351.1
42349.05
42350.8
42344.45
42348.25
42346.4
42347
42347.9
42352.2
42344.85
42349.7
42348.3
42347.6
42348.8
42351.1
42351.15
42351.15
42355.15
42348
42348.85
42346.55
42346.55
42346.95
42346.05
42348.65
42350.3
42354.6
42355.65
42354.05
42356.5
42354.2
42355.35
42357.6
42361.8
42358.85
42355.9
42355.9
42359.75
42354.5
42358.3
42357.75
42358.2
42358.75
42358.75
42358.75
42351.8
42351.8
42351.8
42352.85
42352.95
42352.95
42356.5
42357.2
42355.3
42357.95
42357.65
42357.75
42357.65
42359.85
42356.1
42354.95
42353.05
42350.55
42350.55
42349.95
42347.55
42346.65
42346.65
42352.2
42350.8
42352
42348
42348.1
42349.8
42350.45
42348.95
42349.7
42347.75
42351.95
42351.55
42350.55
42349.3
42349.05
42348.8
42350.1
42355.15
42349.1
42351.85
42356.65
42351.95
42358.25
42358.25
42362.05
42365.9
42374.35
42375.5
42372.9
42376.65
42375.9
42379.35
42379.7
42377.3
42375.5
42375.85
42380.9
42384.95
42384.65
42382.05
42382.05
42384.85
42386.25
42386.25
42387.35
42390
42392.45
42389.7
42390.4
42386.9
42389.35
42389.35
42382.9
42382.35
42382.35
42380.8
42379.35
42379.35
42368.3
42374.85
42371.15
42376.6
42369.25
42367.8
42368.7
42366.8
42366.15
42364.2
42365.4
42365.35
42364.7
42371.2
42376.6
42380.5
42379.3
42379.4
42389.5
42384.7
42384.7
42386.2
42385.9
42384.7
42383.55
42386.85
42385.95
42384.35
42375.5
42380.3
42381.65
42385.25
42387.15
42387
42384.95
42384.9
42391.5
42391.5
42384.35
42387.6
42386.1
42383.95
42387.2
42389.25
42389.1
42389.55
42385.3
42388.25
42388.25
42388.55
42388.8
42388.5
42383.35
42382.5
42382.5
42384.8
42385.1
42385.95
42390.1
42390.15
42389.75
42389.2
42391.1
42391.45
42391.85
42394.2
42395.7
42397.35
42405.7
42399.05
42399.05
42398.05
42396.5
42395.35
42396.55
42392.8
42390.85
42394.25
42394.4
42395.05
42390.85
42391.35
42400.75
42400.75
42400.75
42400
42399.55
42398.3
42398.3
42398.3
42404.35
42399.85
42399.3
42402.05
42405.35
42397.15
42397.85
42391.45
42392.55
42396.1
42397.25
42395.8
42400.3
42399.95
42395.1
42393.9
42393.9
42394.1
42395.9
42394.4
42395.55
42393.55
42394.65
42395.5
42391.6
42391.65
42388.4
42390.3
42390.9
42394.15
42397.2
42399.5
42402.6
42402.6
42402.6
42402.4
42402.3
42396.85
42403
42401.9
42402.25
42402.25
42400.35
42402.6
42408.1
42398.8
42399.25
42401.3
42396.55
42401.35
42401.45
42406.15
42408.85
42423.05
42421.7
42417.9
42420.9
42477.1
42477.1
42477.6
42475.55
42471.4
42471.5
42476.55
42472.3
42472.3
42466.35
42471.1
42468.35
42472.65
42461.95
42469.95
42467.8
42455.35
42457.35
42456.8
42457.5
42460.8
42461.75
42469.5
42467.9
42466.95
42470.55
42465.4
42464.6
42464.85
42464.85
42462.25
42462.25
42464.25
42464.55
42463.15
42463.15
42461.75
42461.25
42462.25
42462.95
42462.95
42462.65
42469.4
42463.8
42458.2
42464.15
42458
42468.45
42467.55
42467.55
42469.85
42463.45
42464.6
42470.05
42463.95
42460.2
42466.65
42466.65
42464.2
42466.65
42466.65
42459.95
42459.95
42459.5
42456.4
42456.75
42456.75
42462.35
42459.1
42467.75
42464
42465.95
42466.75
42463.45
42467.45
42460.05
42459.8
42458.55
42462.05
42459.45
42452.95
42445.9
42432.5
42430.05
42431.45
42431.7
42436.1
42426.3
42431.45
42427.9
42425.1
42422.65
42413.25
42413.25
42394.95
42398.9
42395.85
42392.3
42400.05
42394.45
42398.75
42396.8
42397.1
42392.2
42393.05
42392.85
42387.45
42377.9
42382.8
42383.65
42383.65
42392.45
42390.95
42387.65
42383.05
42384.95
42380.6
42382.95
42387.35
42376.2
42386.55
42390.9
42388.05
42379.9
42379.85
42380.65
42377.75
42380.35
42383.15
42380.6
42380.6
42381.4
42381.4
42384.75
42385.2
42380.5
42378.45
42378.45
42387.55
42389.3
42389.7
42385.85
42385.55
42392.8
42392.65
42401.2
