42244.65
42230.65
42244.15
42241.75
42246.1
42239.75
42231.45
42231.7
42226.45
42222.75
42214.1
42203.1
42211.75
42205.85
42214.55
42208.05
42196.05
42200.35
42188.5
42177.1
42171.55
42171.55
42138.3
42122.85
42122.85
42117.35
42122.6
42122.6
42142.75
42147.6
42140.45
42140.45
42136.05
42134.55
42152.1
42145.05
42151.75
42147.95
42127
42127
42122.4
42106.35
42110.55
42116.75
42131
42129.4
42131.5
42129.8
42125.95
42119.8
42119.8
42119.8
42112.25
42121.1
42117.6
42114.65
42114.65
42108.7
42108.7
42100.95
42103.15
42098.45
42089.8
42090.45
42086.75
42089.35
42089.35
42089.35
42100.05
42100.05
42100.75
42098.7
42100.55
42097.2
42100.65
42101.3
42098.05
42098.4
42106.45
42117.75
42117.75
42122.6
42132.35
42142
42151.85
42157.65
42157.65
42150.85
42165.15
42146.05
42135.55
42142.75
42135.7
42142.05
42138.45
42139.7
42143.9
42143.9
42146.6
42147.6
42150.3
42149.6
42144.9
42144.5
42138.9
42138.9
42139.4
42142.55
42142.45
42138.3
42130.3
42127.8
42122.25
42122.85
42115.75
42110.7
42113.2
42119.25
42119.75
42131.1
42127.9
42125.85
42123.95
42123.3
42127.2
42123.4
42123.4
42120.55
42115.5
42120.2
42118.9
42118.9
42123.1
42155.1
42142.4
42146.7
42146.8
42145.95
42153.05
42152.3
42152.45
42151.7
42149.1
42145.9
42139.9
42141.4
42140.05
42137.75
42138.6
42149.05
42141.9
42141.9
42149.35
42147.95
42146.6
42146.9
42148.5
42155.75
42165.3
42164.2
42173.4
42176.25
42193.05
42188.55
42182.05
42191.95
42197.55
42212.3
42207.9
42227.3
42235.05
42234.25
42227.75
42210.75
42212.15
42214.9
42229.3
42239.25
42239.25
42261.7
42260.05
42264.95
42259.45
42259.45
42264.95
42250.45
42247.9
42241.8
42232.45
42234.25
42233.3
42235.4
42237.8
42239.55
42234.8
42233.55
42227.6
42226.7
42225.3
42224.7
42224.7
42221.05
42224.3
42225.4
42228.05
42227.75
42228.6
42245.35
42248.25
42244.3
42242.15
42242.2
42238.65
42233.15
42233.15
42224.35
42225.8
42226.8
42221.9
42228.8
42236.5
42240.35
42250.8
42245.45
42245.45
42244.5
42243.5
42239.2
42239.2
42234.7
42229.8
42232.05
42222.25
42216.85
42220.1
42214.8
42216.5
42213.95
42207.25
42205.15
42204.45
42193.85
42182.8
42179.9
42179.15
42171.2
42168.55
42170.2
42172.25
42185.6
42180.2
42177.5
42174.8
42175.65
42172.15
42168.05
42167.4
42161.35
42150.75
42149.2
42141.05
42132.8
42144.45
42146.85
42145.65
42139
42134.25
42132.05
42127.5
42133.05
42131.95
42128
42139.1
42138.25
42148.5
42150.85
