42516.05
42457.55
42464.85
42465.8
42429.55
42407.7
42414.8
42398.3
42412.7
42435.85
42440.55
42446.5
42446.35
42465.55
42475.85
42489.3
42508.1
42505.55
42501.8
42511.3
42513.1
42512.2
42507.75
42509.05
42504.85
42524.25
42524.25
42503.85
42511.4
42503.55
42505.85
42512.5
42512.45
42501.85
42511.35
42508.75
42515.6
42515.6
42501.9
42504.45
42499.85
42486.2
42479.25
42486.7
42485.75
42473.05
42461.7
42452.15
42455.9
42471
42473.1
42479.05
42478.45
42484.15
42492.4
42491.15
42498.15
42495.3
42504.2
42504.2
42513
42508.3
42508.3
42516.75
42518.35
42520.7
42519.1
42513.9
42509.9
42509.35
42511.8
42512.4
42512.4
42509.6
42516.3
42510.75
42510.9
42511.45
42513
42509
42515.15
42516.9
42519.3
42519.7
42518.7
42512.9
42509.4
42501.9
42502.35
42503.15
42516.1
42503.95
42503.5
42520.6
42508.75
42508.2
42506.1
42510.1
42511.7
