42622.5
42622.5
42577.45
42577.45
42597.65
42605.95
42593.2
42579.45
42569.95
42554.9
42549.35
42558.15
42547.4
42548.05
42546.2
42547.9
42553.55
42569.3
42571.15
42571.45
42597.3
42597.3
42599.15
42592.45
42602
42602.7
42616.15
42620.15
42627.7
42630.65
42618.45
42618.45
42628.25
42647.15
42643.15
42640.6
42647.9
42647.9
42644
42644
42647.3
42638.65
42638.65
42643.3
42651.15
42649.9
42654.3
42663.25
42657.45
42660
42666.55
42662.15
42668.85
42665.8
42666.15
42662.3
42654.85
42654.85
42668.55
42671.85
42680.45
42680.4
42675.4
42682.35
42682.35
42686.4
42679.55
42674.85
42674.9
42690.9
42687.15
42682.15
42687.6
42702.3
42690.75
42686.4
42690.65
42696.6
42686.65
42692.7
42692.3
42693.1
42695.7
42695.7
42692.4
42692.35
42689.25
42686.3
42684.25
42677.75
42689.8
42683.8
42682.3
42682.3
42683.3
42687.7
42690.3
42690.3
42690
42690
42685.9
42676.45
42678.9
42683.8
42682.05
42681.75
42681.05
42683.7
42676.9
42673.65
42681.75
42679.9
42683.75
42683.75
42682
42680.25
42683.45
42683.15
42682.85
42683.05
42688
42693.65
42695.7
42704.9
42704.9
42704.2
42706.95
42706.05
42707.6
42704.05
42694.6
42698.95
42697.4
42698.85
42707.45
42708.35
42704
42703.85
42703.85
42700.6
42698.85
42702.15
42703.6
42707.3
42698.05
42698.9
42698.9
42701.75
42703.5
42701.1
42693.05
42687.7
42687.7
42697.35
42692.4
42695.2
42695.25
42697.65
42705.9
42702.65
42698.05
42698.05
42697.05
42692.9
42697.6
42696.85
42693.85
42690.15
42692.75
42697.35
42691.9
42706.4
42708.2
42709.6
42712.3
42706.3
42708.55
42702.9
42700.25
42697.65
42694.3
42692.9
42692.05
42694.35
42697.75
42701.9
42702.05
42692.75
42692.75
42694.75
42693.25
42700.85
42694.75
42695.7
42697
42699.45
42690.8
42692.6
42694
42690.2
42682
42686.7
42682.3
42682.2
42681.05
42685
42691.65
42686.5
42693.95
42690.8
42694.55
42700.75
42702.95
42703.9
42702.05
42702.95
42701.8
42710.85
42709.5
42709.6
42709.85
42703.6
42701.3
42702.45
42699.75
42698
42693.35
42686.75
42689.35
42689.75
42691.05
42689.35
42691.2
42691.2
42684.15
42683.5
42680.6
42676.45
42671.7
42666.6
42658.55
42669.7
42666.45
42660
42663
42663.3
42676.15
42676.15
42692.4
42679.2
42679.2
42685.95
42681.4
42684.35
42687.4
42688.3
42685.6
42687.05
42681.55
42678.7
42675.35
42673.3
42673.2
42665.8
42671.4
42664.65
42671.4
42667.35
42670.75
42680.25
42683.2
42685.3
42685.3
42678.35
42672.85
42672.85
42677.65
42666.25