42071.85
42054
42046.25
42060.1
42048
42038.75
42062.2
42055.25
42071.4
42065.85
42052.95
42056.1
42053.6
42042.7
42042.7
42051.3
42058.85
42061.05
42048.75
42048.75
42048
42042.5
42034.1
42034.1
42030.05
42023.45
42010.45
42001.75
41999.15
41998.1
41990.25
41993.25
41980.85
41972.8
41973.5
41981.9
41981.9
41982.05
41982.05
41982.25
41971.85
41977.85
41980.75
41985.85
41985.8
41989.5
41989.9
41989.9
41999.25
41997.35
41998.3
41996.85
41996.85
41996.85
41990.4
41987.75
41983.3
41983.9
41981
41985.7
41995.65
41995.3
41989.3
41992.05
41986.85
41979.95
41980.75
41980.75
41979.65
41978.6
41978.6
41962.75
41960
41960.3
41954.15
41944.4
41948.4
41957.35
41952.2
41954.6
41956
41956.45
41963.1
41962.7
41970.25
41969.85
41978.1
41983
41980.9
41980.9
41972.5
41964.8
41961.9
41964.4
41954.95
41961.15
41963.4
41963.3
41961.7
41964.35
41963.5
41955.05
41956.75
41956.05
41958.25
41957.3
41952.55
41957.1
41957.1
41954.5
41940
41942.3
41947
41946.15
41944.3
41950.7
41948.7
41953.9
41954.7
41958
41957.2
41951.2
41951.2
41946.8
41952.95
41952.25
41945.35
41943.5
41943.5
41943.5
41935.9
41940.8
41937.35
41943.3
41934.45
41932.35
41924.9
41916.3
41918.15
41919.7
41922.2
41920.2
41915.85
41912.55
41912.55
41911.95
41914.15
41914.85
41916.45
41918.5
41917.75
41920.05
41924.65
41932.5
41939.55
41937.25
41930.4
41928.85
41920.15
41921.2
41919.55
41917.05
41913.55
41907.05
41900.8
41910.5
41906.5
41909.95
41908.2
41914.6
41911.4
41914.05
41914.05
41911.65
41914
41915.75
41916.45
41918.2
41920.25
41919.5
41916.6
41915.5
41916.2
41915.85
41912.95
41909
41913.55
41918.7
41916.65
41918.8
41914.15
41904.3
41905.55
41909.85
41905.95
41903.2
41904.25
41901.85
41907.5
41904.2
41904.2
41904.95
41906.75
41903.9
41907.7
41905.1
41906.5
41909
41906.25
41904.5
41906.6
41903.5
41909.5
41905.15
41905.15
41912.75
41914.5
41915.6
41915.6
41924.75
41923.5
41919.9
41915.35
41916.25
41914.35
41916.75
41914.15
41913.9
41911.15
41906
41905.95
41903.7
41906.3
41907.8
41908.25
41906.6
41913.55
41911.2
41911.2
41908.4
41903.75
41905.85
41909.75
41907.7
41912.65
41906.55
41909.8
41912.25
41912.25
41911.35
41911.35
41919.7
41919.7
41919.65
41925.55
41919.1
41916.85
41916.85
41912.7
41910.85
41910.15
41910.15
41910.7
41909.35
41905.5
41910
41910.4
41907.05
41900.15
41900.7