42245.3
42226.75
42225.25
42214.3
42188.6
42205.65
42195.25
42177.65
42186.15
42188.15
42174.85
42173.05
42155.4
42153.05
42147.2
42144.55
42161.6
42162.35
42150.75
42151.85
42142.1
42145.9
42140.1
42139.45
42139.45
42136.05
42125
42126.45
42122.7
42129.4
42116.05
42115.55
42115.55
42111.6
42104.55
42109.45
42104.3
42103
42102.35
42105.15
42090.1
42092.2
42093.8
42093.75
42096.5
42097.95
42091
42105.35
42095.1
42095.95
42099.65
42099.65
42108.4
42100.05
42106.2
42106.9
42110.75
42109.8
42116.35
42124.2
42115.9
42114.45
42107.25
42112.4
42108.1
42108.1
42104.75
42101.55
42096.65
42101.2
42096.45
42090.9
42089.15
42084.05
42080.95
42075.25
42072.35
42066.15
42062.85
42056.65
42053.9
42054.55
42048.9
42054.4
42065.55
42062.45
42054.8
42054.8
42059.35
42064.05
42053.75
42046.85
42046.85
42048.8
42045.65
42050.8
42056.85
42049.3
42055.85
42053
42051.7
42058.05
42055.8
42057
42056.9
42058.4
42058.1
42059.5
42071.8
42077.2
42074.55
42085.7
42081.85
42089.15
42083.95
42083
42085.3
42079.55
42073.1
42072
42058.8
42053.45
42054.25
42057.7
42057.8
42053.65
42053.45
42041.25
42043.75
42049.45
42050.8
42042.75
42047.85
42045.35
42040.35
42035.05
42037.1
42037.1
42044.5
42049.75
42047.25
42047
42046.25
42061.3
42061.3
42052.5
42049.45
42047.15
42049.15
42041.35
42046.8
42045.05
42043.7
42043.85
42037.95
42043.75
42039.7
42040.55
42041.2
42040.7
42040.1
42039.45
42042.15
42041.75
42046.3
42051.25
42048.25
42048.35
42051.15
42051.15
42049.8
42048.7
42050.15
42050.15
42044.9
42042.95
42039.5
42039.9
42039.15
42050.2
42042.7
42042.7
42047.3
42043.85
42044.6
42044.6
42038.35
42039.35
42043.75
42044.75
42051.5
42049.7
42048.55
42046.75
42049.05
42049.05
42048.25
42049.4
42052
42055.75
42055.75
42055.75
42054.05
42053.15
42053.5
42053.5
42050.6
42057.3
42053.85
42059.2
42068.05
42066.3
42071.3
42070.85
42073.8
42073.8
42073.8
42081.95
42085.15
42088.7
42092.05
42099.8
42098.65
42100.9
42101.1
42101.55
42094.4
42098.5
42098.5
42097.85
42097.15
42096.95
42099.1
42097.2
42098.6
42095.25
42091.35
42091.35
42091.35
42089.15
42081.05
42082.45
42082.45
42087.85
42085.9
42085.9
42084.3
42090.8
42090.8
42086.8
42089.4
42086.7
42086.7
42088.35
42092.9
42094.3
42090.4
42100.75
42097.5
42097.5
42099.7
42095.6
42090.2
42088.65
42091.35
42092.4
42090.9
42093.45
42092.5
42094.15
42092.65
42093.7
42093.7
42096.6
