42404.85
42399.5
42399.5
42390.4
42385.25
42358.55
42355.9
42349.15
42349.15
42345.35
42341.3
42340.3
42340.35
42333.6
42336.4
42322.7
42309.4
42314.9
42314.9
42300.85
42300.7
42292.2
42287.4
42266.15
42272.8
42272.8
42272.8
42276.3
42267.1
42268.35
42265
42268.9
42269.65
42265.15
42267.95
42271
42274.15
42266.4
42266.4
42268.85
42262.65
42258.45
42251.6
42253.35
42258.65
42257.65
42260.1
42259.7
42263.55
42263.55
42272.55
42268.6
42282.35
42280
42295.75
42301.2
42297.7
42285.55
42285.5
42285.5
42288
42274.95
42274.95
42282
42284.9
42276.7
42274.4
42271.6
42271.15
42266.3
42269.45
42286.1
42282.7
42282.65
42276.7
42270.2
42272.15
42274.2
42274.2
42274.3
42273.2
42272.7
42281.25
42281.25
42275.45
42275.45
42272.15
42275.9
42278.8
42276.95
42276.7
42275.85
42274.85
42277.4
42277.1
42283.65
42285.85
42285.85
42281.65
42293.3
42291.2
42288.85
42302.75
42296.15
42296.2
42294.8
42295.55
42294.5
42294.65
42299.6
42293.9
42293.9
42304.55
42302.45
42308.2
42308.65
42305.6
42304.7
42298.45
42303.2
42300.8
42296.8
42295.2
42302.65
42291.7
42295.4
42291.95
42300.25
42294.9
42292.75
42291
42287.25
42286.65
42285.95
42282.65
42281.95
42281
42272.9
42267.45
42267.35
42271.8
42269.45
42270.35
42271.2
42271.2
42270.25
42261.65
42254.05
42249.55
42247.2
42244.9
42251.35
42251.35
42256.15
42250.3
42253.05
42250.45
42252.9
42250.2
42257.05
42265.5
42257.75
42244.6
42253
42253
42260.15
42262.55
42261.15
42261.15
42276.55
42273.15
42279.3
42280.7
42275.8
42273.35
42277.8
42269.65
42269.65
42267.85
42265.5
42265.2
42266.95
42265.2
42260.6
42264.7
42270.65
42283.05
42284.15
42285.05
42285.65
42284.95
42284.65
42278.3
42275.2
42277.9
42277.9
42283.7
42283.7
42285.65
42287.9
42287.9
42289
42280.55
42280.55
42281.6
42279.8
42279.35
42278.65
42273.65
42274.05
42273.5
42272.35
42270.65
42276.65
42280
42291.55
42288.5
42289.1
42291.15
42291.15
42298.9
42302.85
42294.6
42294.6
42296.65
42294.75
42294.3
42288.55
42285.3
42276
42280.9
42276.75
42275.7
42279.4
42281.1
42282.15
42296.75
42291.9
42289.85
42289.85
42288.05
42292.1
42289.8
42290.15
42287.1
42291.95
42291.95
42291.1
42289.75
42288.95
42288.95
42289.9
42306.25
42306.25
42302.3
42307.85
42310.5
42313.85
42318.25
42317.4
42313.2
42311.85
42311.35
42310.3
42307.1
42307.1
42312.3
42315
42312.9
42322.2
42320.3
42319.45
42316.2
42323.05