42642
42633.95
42631.25
42628.45
42628.45
42607.7
42560
42534.7
42545.95
42547.75
42537.45
42537.45
42531.15
42535.7
42532.4
42537.45
42539.95
42526.9
42528.2
42519.7
42517.5
42525.1
42517.2
42507.5
42506.7
42517.7
42515.2
42517.65
42511.2
42515.75
42519.25
42520.75
42517.9
42519.3
42522.35
42526.4
42522
42522.95
42518.65
42521.95
42522.85
42529.2
42517.3
42516.05
42512.5
42503.55
42495.05
42484.2
42488.45
42485
42484.85
42479.9
42477.55
42468.35
42468.35
42464.65
42463.9
42471.8
42486.35
42496.1
42488.7
42488.5
42490.6
42487.05
42493.25
42488.3
42494.3
42490.65
42485.65
42485.15
42488.85
42482.5
42484.65
42486.4
42488.45
42485.95
42480.7
42486.8
42486.8
42481.4
42481.8
42477.15
42483.55
42478.3
42480
42475.85
42474.8
42471.05
42471.95
42474.8
42472.15
42476.3
42472.55
42470.95
42472.15
42472.55
42472.55
42471.85
42464.75
42459.7
42459.15
42461.2
42455.05
42455.75
42454.7
42450
42443.5
42444.5
42426.95
42432.65
42433.7
42451.55
42449.95
42458.85
42466.85
42466.7
42465.5
42465.45
42464.65
42451.55
42450.55
42449.55
42443.8
42444.5
42446.3
42440.85
42439.65
42444.25
42453.5
42448.9
42453.8
42446.75
42446.7
42446.7
42448.25
42446.7
42439.35
42439.35
42444.9
42442.35
42442.4
42446.25
42446
42450.45
42449.05
42450.35
42450.35
42454.2
42455.55
42453.1
42453.1
42457
42461.55
42455.35
42461.1
42455.4
42454.45
42460.7
42455.3
42455.05
42458
42455.7
42455.6
42458.4
42458.55
42460.3
42453.6
42453.6
42456.1
42456.4
42459.7
42462.95
42462.5
42459.85
42455.5
42451.5
42451.9
42451
42449.45
42448.6
42450.35
42446.15
42449.15
42449.75
42450.85
42448
42443.6
42443.6
42443
42442.45
42441.7
42441.5
42440.95
42443.4
42442.9
42448.4
42446.85
42454.25
42449.7
42457.75
42450.45
42451.45
42452.55
42452.35
42452.35
42449
42449
42452.85
42451.15
42455.3
42453.8
42456.05
42454.05
42450.95
42449.35
42450.4
42449.5
42448.7
42450.85
42448.5
42450.25
42450.25
42449.4
42449.75
42446.35
42447.7
42441.65
42440.4
42438.85
42435.05
42437.5
42434.5
42429.7
42432.2
42429.7
42433.45
42432.25
42432.45
42426.3
42424.6
42424.95
42421.95
42424.3
42433.25
42432.9
42425.65
42428
42434.1
42425.9
42429.35
42429.35
42434.25
42437.85
42447
42447
42450.95
42448.75
42447.4
42443.7
42445.95
42447.25
42447.25
42444.8
42441.5
42443.4
42443.4
42441.1
42449.4
42452.8
42452.65
42456.95