42891.45
42857.5
42844.95
42810.3
42813.7
42819.25
42824.05
42814.35
42784.55
42796.6
42794.95
42792.45
42787.75
42786.05
42769.95
42768.15
42755.9
42758.95
42761.1
42768.75
42768.75
42776.5
42786.05
42792.15
42792.15
42790.65
42802.9
42788.6
42802
42797.5
42804.05
42813.55
42813.55
42823.9
42823.9
42826.85
42830.75
42830.75
42819.75
42820.1
42831.5
42833.3
42832.1
42832.75
42835.35
42837.3
42846.35
42842.4
42842.4
42843.7
42851.3
42851.3
42851.35
42851.45
42855.3
42855.35
42859.4
42861.4
42857.45
42864.75
42864.75
42852.55
42868.2
42870.6
42870.35
42870.35
42879.35
42880.5
42871.7
42873.4
42873.4
42863.6
42862.25
42856.15
42853.4
42855.05
42855.05
42855.95
42853.05
42848.8
42846.4
42843.75
42833.2
42844
42844
42834.75
42827.75
42825.65
42807.3
42822.1
42819.25
42825.35
42824.75
42824.75
42824.75
42831.4
42826.95
42826.35
42825.55
42826.6
42830.9
42830.9
42824.6
42831.3
42833.95
42841.55
42830.25
42828.5
42824.25
42824.95
42830.85
42821.8
42817.3
42810.15
42809.8
42801.7
42798.15
42801.45
42801.45
42802.95
42814.8
42814.8
42813.2
42809.8
42805.9
42810.45
42806.35
42812.9
42812.65
42815.75
42818.5
42814.65
42818.45
42816.1
42831.85
42831.85
42836.45
42836.45
42836.45
42836.3
42837.8
42846.85
42844.95
42845.7
42843.65
42840.95
42839.7
42836.85
42840.7
42837.35
42837.55
42842.85
42844.2
42842.55
42844.4
42851.4
42853.9
42853.8
42852.35
42855.7
42857.8
42849.9
42849.9
42848.55
42848.5
42850
42850.75
42849
42851.45
42849.6
42851.2
42854
42856.25
42858.35
42858.35
42859.9
42862.05
42863.1
42868.75
42868.75
42865.2
42865.3
42862.9
42862
42868.25
42863.3
42863.7
42865.25
42861.3
42844.55
42845.45
42841.55
42842.1
42843.5
42842
42841.8
42839.3
42850.1
42852.45
42856.7
42849.8
42861.95
42856.2
42859.6
42859.6
42857.15
42856.65
42862
42862.45
42863.05
42858.5
42860.9
42858.45
42848.45
42852.9
42854.6
42856.45
42847.55
42846.25
42843.35
42847.25
42847.25
42844.45
42842.35
42844.45
42834.9
42841.3
42848.2
42846.25
42846.25
42848.6
42849.5
42848
42851.05
42848.55
42849.55
42850.9
42845.25
42846.15
42844.9
42840.85
42837.95
42822.8
42834.2
42824.65
42824.8
42824.8
42824.65
42821.1
42828
42826.9
42832.55
42829.3
42830.95
42827.8
42824.85
42824.85
42824.85
42825.6
42822.65
42816.25
42815.85
42819.3
42826.55
42826
42826.35
42832.35
42826.4
42823.25
42814.45
42826.4
42826.4
42822.1
42825.85
42828.95
42830.95
42825.45
42825.15
42823.75
42818.6
42824.65
42824.35
42824.75
42824.75
42823.5
42828.45
42825.9
42821.95
42821.95
42813.4
42814
42819.1
42818
42831.8
42831.3
42833.1
42834.2
42832.6
42835.5
42837.75
42838.7
42841.65
42843
42839.75
42826.05
42826.05
42826.25
42825
42818.45
42821
42815.85
42824.8
42823
42821.05
42828.7
42828.7
42838.05
42839.25
42831.3
42827.45
42832.7
42827.35
42823.35
42823.95
42822.5
42826.75
42827.6
42824.7
42827.55
42824.45
42828.85
42833.35
42833.6
42833.6
42828.55
42829.2
42827.05
42827.05
42821.45
42816.8
42820.5
42820.5
42821.25
42815.85
42818.05
42823
42818.7
42818.85
42823.4
42822.95
42823.35
42822.55
42823.5
42825.6
42825.6
42830.25
42822.25
42826.65
42826.65
42825.6
42829.1
42824.65
42827.8
42825.95
42829.1
42827.6
42825.8
42822.2
42823.9
42817.85
42816.75
42811.2
42815.8
42803.95
42803.95
42809.6
42802.05
42802.05
42802.05
42802.05
42808.9
42804
42810
42795.95
42802.65
42803
42800.4
42798.1
42794.95
42793.45
42793.2
42799.85
42812.15
42813.85
42813
42806.15
42802.2
42802.2
42806.1
42811.3
42811.3
42812.05
42812.85
42812.7
42808.3
42817.1
42817.1
42805.25
42799.35
42802.55
42800.2
42794.3
42792.55
42793.45
42796.65
42795.1
42795.1
42795.95
42795.95
42795.3
42794.15
42798.55
42797.15
42797.15
42793
42792.9
42788.95
42788.95
42793.7
42789.85
42788.8
42788.6
42790.65
42787.2
42788.55
42784.15
42785.55
42786.8
42783.55
42787.05
42785.95
42784.3
42784.25
42785.35
42786.75
42786.75
42786.05
42785.45
42784.25
42791.2
42789.15
42788.65
42785.7
42790.45
42790.45
42786.3
42782.4
42782.05
42785.3
42785.3
42786.65
42788.5
42789.05
42789.15
42788.75
42788.75
42791.05
42780.85
42787.15
42787.15
42786.4
42782.3
42789.95
42789.25
42784.2
42786.6
42780.75
42777.8
42777
42775.4
42779.45
42770.55
42767.3
42774.5
42774.5
42779.3
42782
42782.95
42780.9
42780.75
42777.2
42777.2
42777.9
42777.5
42774.55
42778.2
42775.7
42776.8
42776.8
42778.7
42774.8
42781.95
42779.65
42784.2
42783.55
42783.7
42782.5
42780.9
42782.3
42782.2
42778.8
42780.65
42774.95
42773.3
42773.85
42773.85
42764.05
42764.4
42759.85
42774
42777.95
42776.2
42771.5
42766.9
42773.2
42770
42770
42766.2
42770.3
42770.45
42766.05
42767.8
42767.05
42766.3
42763.85
42767.8
42767.75
42763.1
42764.2
42769.05
42773.85
42768.95
42775.55
42775.55
42777.2
42765.55
42767.35
42770
42764.15
42764.75
42767.35
42763.5
42762.8
42763.15
42767.75
42763.6
42768
42773.85
42767.1
42772.85
42776.5
42775.05
42774.9
42772.05
42775
42772.3
42771.5
42769.3
42773.2
42772.75
42772.95
42776
42782.35
42781.3
42781.3
42768.2
42771.6
42768.9
42770.7
42770.7
42769.55
42776.75
42771.1
42771.85
42765.05
42765.05
42766.25
42768.45
42768.45
42770.1
42766.8
42764.7
42769.7
42769.1
42770.7
42770.2
42770.1
42771.6
42772.35
42770.75
42769.9
42773.5
42772.9
42774.75
42779.3
42779.3
42787
42790
42793.5
42797.4
42792.9
42795.35
42796.15
42794
42792.25
42797
42797.95
42796.15
42797.6
42802.55
42802.45
42805.2
42809.25
42822.5
42821.85
42824.45
42827.8
42828.05
42826.05
42829.75
42832.1
42832.15
42833.2
42833.2
42832.8
42834.2
42836.55
42837
42830.5
42831.65
42833
42835.25
42836.05
42838.8
42838.75
42838.75
42835.2
42835.2
42837.95
42832.8
42832.8
42833.6
42831.55
42834.3
42832.4
42835.15
42837.15
42832
42841.4
42840.5
42836.65
42831.5
42831.5
42835.65
42834.15
42827.8
42829.2
42835.5
42836.7
42837.75
42831.35
42837
42835.3
42835.3
42837.75
42836.2
42836.2
42839.8
42839.85
42840.25
42835.8
42833.9
42832.6
42838.6
42838.6
42848.6
42845.5
42847.5
42850.85
42856.6
42852.2
42852.85
42850.55
42852.55
42849.2
42850.9
42850.45
42852.8
42847.45
42850.15
42849.85
42849.85
42853.85
42856.95
42856.6
42856.85
42859.7
42857.95
42856.8
42854.45
42851.95
42854.65
42854.65
42847.05
42854.4
42852
42852
42841.65
42841.15
42842.8
42843.5
42840.3
42837.95
42843.3
42844.85
42841
42844.2
42845.85
42848.55
42848.55
42846.1
42846.95
42849.75
42847.65
42848.65
42851.45
42848.15
42850.15
42846.7
42845.5
42842.85
42845.3
42839.15
42845.55
42847.9
42852.6
42851.9
42850.1
42854.25
42852.7
42855.05
42856.9
42857.85
42857.9
42858.15
42856.3
42857.3
42855.5
42859.2
42857.65
42857.9
42857.4
42854.55
42854.55
42858.65
42859.55
42855.9
42859.95
42858.8
42857.2
42856.3
42858.7
42855.45
42856.2
42856.2
42858.45
42860.8
42860.8
42859.7
42860.6
42857.55
42853.8
42858.95
42861.1
42862.1
42862.2
42859.45
42859.25
42859.35
42857.55
42857.1
42857.1
42856.15
42851.15
42848.6
42851.25
42848.65
42849
42854.05
42854.05
42847.55
42848.85
42844.65
42850.8
42849.6
42849.6
42843.9
42849.1
42848.05
42850.65
42849.7
42848.85
42851.15
42851.15
42845.6
42849.95
42849.5
42847.25
42846.2
42848.15
42846.35
42851.95
42851.95
42853.45
42849.15
42849.15
42847
42842.55
42843.5
42838.75
42841.85
42843.45
42834.35
42841.4
42835.55
42837.3
42834.75
42835.45
42832.95
42837.85
42835
42836.8
42835.8
42840.75
42840.65
42837.45
42840.1
42841.95
42841.3
42844.55
42845.45
42839.25
42840
42839.75
42838.25
42835.15
42839.25
42829.95
42828.1
42827.35
42828.6
42827.45
42823.45
42822.85
42828.1
42828.9
42832.25
42831.15
42829.35
42831.1
42832.45
42836.5
42836.55
42836.55
42834.2
42838.45
42839.25
42842.2
42842.3
42846.75
42846.75
42843.9
42845.6
42850.1
42849.75
42845.7
42847.65
42849.35
42847.8
42848.2
42848.2
42853.75
42853.6
42852.25
42853.65
42851.8
42853.6
42855.45
42856.75
42862.2
42861.85
42861.5
42862.45
42860.8
42864.6
42865.15
42865.35
42865.35
42866.5
42874.15
42872.45
42878.5
42877.95
42878.25
42886.2
42883.8
42882.1
42880.7
42880.7
42880.7
42880.7
42882.85
42882.6
42880.2
42882.55
42881.6
42876.7
42886.75
42880.9
42884.25
42883.65
42889.45
42886.1
42887.7
42885.45
42887.4
42887.4
42892.25
42889.95
42889.65
42883.5
42881.8
42886.9
42885
42889.15
42890.5
42891.8
42892.2
42894.1
42892.6
42894.65
42895.15
42892.7
42890.85
42892.8
42892.8
42892.3
42893.5
42893.5
42896.15
42896.15
42898.5
42897.2
42895.7
42898.2
42899.6
42899.1
42898.85
42898.9
42899.3
42900.45
42895
42895
42893.5
42899.2
42899.4
42899.3
42894.1
42893.35
42894
42897.85
42890.15
42892.55
42896.2
42896.2
42899.9
42904.8
42900.5
42897.15
42898.55
42900.85
42901.8
42901.3
42901.3
42896.05
42896.05
42896.05
42901.8
42901.8
42902.7
42902.7
42902.5
42907.4
42906.85
42904.25
42905.7
42906.95
42905.45
42908.05
42906.55
42901.35
42902.25
42902.55
42903.35
42904.1
42898.3
42901.9
42901.9
42903.6
42903.5
42902.45
42904
42900.25
42900.7
42902.15
42903.05
42903.05
42904.15
42902.45
42901.3
42906.25
42905.85
42906.35
42906.4
42906.4
42904.95
42908.05
42910.1
42913.6
42912.35
42912.15
42912.85
42911.95
42911.35
42911.35
42911.05
42911.15
42924.65
42924.65
42919.5
42925.6
42925.6
42915.2
42915.2
42923.1
42918.9
42922.55
42923.95
42927.95
42927.55
42926.35
42926.95
42927.6
42925.2
42929.7
42929.7
42928.15
42924.1
42928.15
42930.75
42921.15
42927.85
42928.3
42926.75
42926.05
42929.35
42928.75
42924.45
42924.25
42931.2
42933.1
42930.2
42930.45
42928.65
42933.3
42929
42930.45
42931.65
42932.05
42929.65
42929.8
42931.1
42927.7
42927.7
42935.5
42933.2
42930.9
42922.9
42928.7
42927.25
42924.05
42924.05
42931.3
42930.25
42932.95
42932.95
42935.05
42930.35
42935.65
42934.65
42936.8
42928.8
42927.3
42928.5
42926.2
42926.6
42928.3
42929.45
42927.55
42924.35
42921.5
42924.9
42920.1
42922.2
42922.2
42924.65
42928.2
42928.2
42926.4
42927.45
42927.1
42926.7
42929.5
42926.65
42929.8
42931.1
42928.8
42929.9
42929.9
42929.85
42932.95
42932.95
42935.7
42933.95
42934.35
42933.9
42932.7
42935.25
42935.05
42934.45
42932.95
42931.95
42933.45
42935.3
42931.65
42931.65
42934.35
42934.95
42935.8
42935.7
42935.4
42936.6
42936.6
42936.05
42938
42937.05
42937.85
42938.2
42933
42933
42936.75
42935.55
42935.6
42937.95
42935.1
42940.6
42933.35
42938.55
42940.35
42941.05
42941.2
42937.3
42939.5
42944.95
42940.1
42940.1
42940.1
42940.1
42950.35
42943.25
42946.7
42947.05
42949.5
42946.6
42944.65
42948.05
42945.9
42944.25
42939.65
42943.1
42942.95
42929.35
42933.65
42933.65
42934.8
42931.85
42932.9
42935.65
42937.2
42932.4
42924.85
42930.35
42931.5
42931.75
42930.9
42932.75
42928.35
42928.35
42932.15
42932.15
42927.75
42927.3
42931.05
42927.6
42924.55
42926.85
42928.05
42928.05
42931.55
42930.85
42932.15
42929.95
42932.6
42934.5
42934.5
42935.2
42923.35
42926.65
42926.35
42916.6
42917.65
42921.9
42921.9
42923.95
42918.25
42916.1
42916.05
42912.6
42909.1
42909.1
42915.05
42915.05
42907.35
42905.15
42911.3
42910.65
42912.45
42912.45
42909.45
42909.35
42905.45
42910.4
42911.75
42909.65
42911
42911
42911.1
42912.05
42911.9
42911.65
42914.15
42908.15
42906.3
42903.85
42905.6
42903.9
42902.95
42910.7
42911.25
42910.65
42916.5
42918.2
42918.2
42916
42914
42914
42909.5
42914.85
42916
42916.65
42914.55
42914.45
42911.25
42905.5
42910.55
42908.85
42903.8
42911.75
42911.8
42902.35
42901.2
42900.9
42899.95
42900.9
42893.75
42897.45
42896.75
42900.7
42896
42889.95
42888.45
42890.05
42893.65
42895.15
42896.15
42896.55
42896.55
42900.05
42895.2
42906.75
42908.7
42905.9
42905.95
42902.95
42906.1
42909.85
42909.6
42908
42904.8
42907.85
42907.85
42912.3
42915.8
42915.8
42918.8
42920.95
42918.85
42920
42919.5
42920.1
42921.15
42923.05
42922.45
42924.45
42922.15
42921.75
42917.7
42917.7
42919.45
42922.8
42922.8
42924.3
42924.3
42923.5
42925.1
42925.25
42926.25
42923.7
42922.65
42915.4
42914.05
42913.55
42918.65
42914.85
42914.85
42917.75
42914.65
42913.5
42912.6
42913.2
42911.3
42911.15
42909.85
42913
42909.8
42909.8
42916.35
42912.2
42915
42912.7
42914.8
42913.35
42912.45
42912.6
42911
42912.05
42912.2
42912.2
42915.15
42916.25
42916.1
42916.05
42916.05
42919.4
42929.55
42929.9
42928.45
42933.45
42932.05
42932.25
42940.95
42936.55
42938.65
42938.95
42938.95
42940.25
42944.2
