43073.05
43072.8
43078.7
43087.9
43097.85
43089.4
43097.8
43097.1
43090.75
43096.45
43103.75
43106.45
43115.3
43113.6
43119.7
43114.25
43107.3
43090.45
43081.05
43079.4
43079.2
43066.25
43056.75
43056.75
43048.6
43032.95
43029.25
43029.15
43036.8
43032.95
43020.05
43019.3
43014.95
43016.2
43028.65
43029.9
43038
43038.25
43034.8
43031.05
43031.55
43031.55
43031.05
43031.05
43036.15
43036.55
43047.25
43057.35
43051.6
43053.85
43041.2
43047.55
43046.75
43051
43041.85
43049.15
43046.05
43028.6
43034.95
43037.3
43023.7
43023.7
43020.35
43016
43016.25
43012.35
43020.75
43020.75
43013.7
43013.7
43028
43030.7
43030.95
43038.85
43034.25
43034.25
43033.65
43030.35
43031.1
43035.3
43026.15
43027.35
43034.95
43038.05
43049.2
43050.25
43045.15
43040.55
43044.7
43048.5
43036.55
43040.9
43049.4
43040.5
43040.5
43038
43041.2
43040.4
43034.15
43029.8
43018.65
43010.65
43004.7
43003.75
43009.7
43003.85
43015.65
43020
43020.15
43016.1
43016.85
43019.4
43019.7
43015.9
43013.65
43017.4
43014.15
43010.45
43013.1
43018.2
43017.8
43022.9
43027.4
43026.9
43026.45
43022.2
43027.65
43031.4
43029.05
43031.8
43034.15
43029.8
