42171.25
42135.7
42135.7
42142.5
42143.85
42143.85
42143.85
42124.4
42131.3
42131.95
42133.05
42127.05
42122.8
42125.05
42126.35
42120.3
42125.05
42124.8
42121.7
42109.5
42110.7
42106.6
42107.15
42105.5
42103.45
42096
42103
42101.2
42096.3
42095.15
42101.45
42090.75
42089
42085.05
42085.45
42089.2
42080.2
42082.45
42070.85
42070.85
42059.1
42055.3
42052.45
42052.45
42043.8
42046.2
42044.75
42044.75
42044.75
42052.1
42057.1
42050.5
42056.8
42056.8
42059.15
42043.3
42041
42042.05
42042.3
42040.45
42035.65
42040.95
42037.25
42036.05
42036.05
42032.85
42042.15
42046.25
42041.35
42046.75
42046.75
42046.35
42039.45
42042.45
42033
42040.2
42036.95
42034.45
42034.45
42042.7
42042.7
42042.4
42036.25
42033.8
42044.45
42043.65
42047.7
42046.85
42046.8
42046.8
42047.1
42045.85
42044.95
42046.75
42044.5
42047.75
42049.75
42050.85
42054.45
42055.95
42057.35
42068.7
42061.5
42077.5
42079
42072
42065.85
42052.5
42051.2
42051.05
42057.3
42050.2
42055.75
42061
42057.35
42050.35
42051.4
42048.5
42051.3
42049.85
42049.85
42054.5
42053.3
42053.3
42059.55
42058.35
42047.2
42047.15
42042.95
42041.7
42040.35
42036.9
42030
42010.3
42010.3
42004.4
42004.8
42003.9
41995.2
41996.25
41994.85
41996.1
41986.85
41991.2
41996
41994.3
41995.65
41993.45
41997.2
41988.85
41994.6
41995.65
41995.75
42002.65
42001.05
42005.25
42004.5
42005.8
42013.85
42020.5
42019.25
42016.65
42013.55
42012.3
42010.05
42014.1
42007.05
42005.55
42009.35
42010
42005.2
42006.15
42005.4
42003.35
42008.15
42008.45
42008.05
42005.25
42003
41993.5
41992.4
41986.8
41986.8
41987.05
41978.85
41976.15
41979.3
41976.55
41973.4
41973.4
41977.6
41983.6
41987.2
41987.2
41987.6
41988.75
41988.8
41991.85
41984.95
41984.95
41984.95
41985.05
41986.9
41986.9
41987.9
41987.85
41984.4
41984.4
41982.5
41982
41989.05
41992.55
41989
41991.95
41997.85
41990.2
41992.75
41988.15
41986.45
41988.65
41987.45
41986.5
41984.5
41986.85
41988.15
41981.85
41981.85
41980.9
41979.35
41978
41978
41973.35
41973.1
41975.55
41971.4
41971.4
41970.35
41972.5
41972.5
41973.5
41973.5
41990.15
41987.5
41990.5
41993
41994.2
41999.9
42000.2
42002.75
42005.25
42004.55
42003.85
42007.1
42007.1
42007.1
42008.5
42018.45
42013.35
42023
42030.05
42027.25
42029.2
42031.15
42030.9
42025.2
42025.2
42021.95
42012.4
42014.75
42007.9
42007.9
41997.65
42003
42003
42001.05
42004.65
42000.35
42006.2
