43038.25
43038.25
43076.65
43080.8
43077.9
43106.8
43104.15
43099
43098
43115.05
43124.7
43117.4
43102.6
43094.45
43107.25
43092.95
43088.55
43082.6
43072.05
43075
43072.95
43071.05
43092.25
43092.2
43084.5
43084.55
43093.6
43093.3
43082.9
43083.7
43091.25
43102.7
43112.35
43121.35
43122.05
43123.05
43126.25
43119
43119
43119
43118.05
43115.5
43111.55
43108.35
43107.4
43104.8
43114.8
43110.35
43121.7
43124.7
43126.7
43123.5
43135.4
43141.5
43140.25
43151.25
43147.95
43140.9
43142.65
43143.4
43142.35
43141.1
43140.75
43129.15
43130.4
43113.4
43103.25
43110
43102.85
43097.2
43101.9
43101.9
43101.9
43103.65
43103.65
43106.35
43113.55
43116.35
43124.25
43127.4
43127.4
43121.4
43120.55
43121.25
43119.25
43119.25
43127.2
43127.6
43126
43128.95
43131.35
43132.95
43130.95
43133.5
43125.1
43128.7
43124.1
43129.9
43130.95
43133.85
43128.35
43118.1
43124.9
43113.7
43117.15
43118.3
43116.5
43120.95
43116.25
43104.6
43096.85
43080.8
43075.85
43082.55
43071.55
43073.6
43083.05
43087.3
43111.55
43111.55
43120.3
43103.05
43105.1
43087.15
43093.9
43080.35
43081.85
43081.3
43081.3
43111.35
43109.45
43109.45
43099.5
43097.2
43098.2
43107.75
43107.75
43113.6
43111.55
43112.05
43116.85
43111.95
43108.7
43104.35
43096.45
43085.5
43085.3
43091.2
43096.1
43099.1
43096.8
43100
43098.2
43098.2
43099.85
43099.85
43106.55
43111.6
43109.85
43105.7
43108.2
43091
43097.1
43097.1
43097.45
43099.9
43102.3
43105.55
43108.6
43106.5
43106.55
43092.6
43085.5
43078.75
43064.05
43061.5
43061.5
43067.35
43064.5
43073.8
43072.2
43063.5
43074.75
43074.4
43063.65
43071.75
43067.95
43070.45
43064.55
43063.55
43065.45
43063.45
43066
43061.4
43068.5
43069.15
43069.95
43074.3
43071.75
43068.25
43079.65
43081
43093.05
43093.05
43103.7
43079
43080.7
43075.7
43071.85
43070.45
43077.45
43076.55
43076.55
43090.8
43090.8
43079.05
43065.3
43066.9
43072.45
43073.6
43072.9
43076.6
43074.2
43070.85
43074.65
43081.7
43079.25
43088.4
43087.85
43091.65
43091
43090
43085.7
43081.9
43085.1
43086.25
43084.3
43087.2
43083.15
43084.45
43084.5
43085.45
43082.85
43077.15
43076.05
43078.5
43076.95
43078.15
43074.3
43075.1
43075.1
43069.05
43068.85
43069.05
43069.05
43064.85
43063.1
43061.05
43058.5
43060.45
43060.45
43043.6
43038.05
43038.05
43030.05