43151.45
43232.1
43232.1
43217.35
43218.6
43205.35
43231.55
43229.2
43245.1
43244.65
43246.6
43244.2
43242.95
43231.5
43238.85
43236.45
43250.15
43272.5
43270.5
43268.25
43265.8
43248.45
43248.85
43246.2
43243.8
43238.9
43231.5
43239.95
43235.7
43238.75
43253
43263.9
43263.9
43281.3
43282.6
43270.9
43261.85
43261.85
43271.25
43272.5
43272.5
43272.5
43272
43269.4
43276.95
43283.8
43296.8
43300
43301.55
43302.85
43297.7
43297.7
43298.45
43307.5
43309.85
43305.45
43316.1
43312.3
43315.35
43316.45
43327.65
43328.5
43321.5
43326.15
43321.4
43329.4
43327.5
43331.1
43338.35
43335.65
43331.2
43322.4
43324.5
43319.5
43320.45
43320.45
43313.15
43317
43311.65
43314.3
43305.75
43291.6
43298.35
43299.45
43294.85
43294.05
43287.45
43286.7
43284.4
43284.25
43284.6
43289.6
43287.05
43288.65
43301
43298.75
43298.25
43299.5
43301.4
43303.8
43306.8
43308.05
43302.6
43301.5
43300.5
43303.75
43302.55
43304.85
43301.6
43301.6
43300.05
43299.35
43306.15
43307.2
43308.7
43309.7
43306.2
43304.55
43306.75
43308.9
43312.65
43313.75
43313.75
43306.2
43306.8
43298.35
43308.1
43304.2
43309.7
43304.8
43308.6
43300.5
43302.2
43301.15
43302.25
43298.6
43297.25
43293.85
43293.85
43291.05
43284
43285.7
43288.7
43282.55
43288.75
43285.95
43286.5
43282.7
43289.15
43289.2
43284.9
43288.9
43290.4
43288.65
43288.45
43284.85
43279.25
43279.4
43273.75
43277.1
43263.75
43268.55
43270.65
43270.15
43267.05
43270.15
43270.15
43270.15
43272.55
43274.8
43274.8
43275.85
43276.05
43275.35
43270.65
43270
43267.75
43266.75
43269.9
43267.2
43270.7
43280.3
43279
43272.4
43264.6
43267.7
43269.65
43265.45
43266.8
43271.45
43267
43274.6
43273.05
43267.95
43268.3
43268.3
43268.3
43268.7
43269.8
43270.8
43274
43270
43274.9
43279.1
43277.7
43279.35
43274.85
43275.65
43276.35
43277.05
43280.25
43275.8
43291.65
43279.75
43283.5
43285.8
43284.5
43286.2
43286.15
43284.35
43285.25
43285.1
43283.05
43277.55
43275.8
43275.9
43284.55
43278.5
43279.3
43280.7
43274.35
43276.3
43277.4
43277.4
43279.15
43276.9
43277
43276.7
43279.5
43279.55
43282.1
43281.65
43281.65
43282.1
43284
43285.4
43287.9
43289.75
43292.05
43297.95
43298.05
43294.1
43296.25
43294.05
43295.4
43292.7
43296.4
43295.5
43295.9
43297.85
43294.1
43292.55
43296.35
43303.3
43307.55
