42827.75
42823.6
42811.65
42803.85
42790.6
42784
42767.45
42754.7
42769.8
42761.45
42748.45
42773.4
42773.65
42769.05
42776.5
42765.1
42776.1
42769.25
42769.75
42769.9
42767.75
42765
42763.95
42765.95
42774.35
42752.5
42745.85
42739.3
42735.7
42739.95
42744.7
42747.05
42748.8
42755.05
42744.65
42751.45
42753.9
42748.15
42755.8
42753.9
42752.95
42755.1
42758.1
42765.6
42771.45
42782.95
42775.25
42790.15
42796.85
42806.7
42809.55
42805.3
42816
42825
42834.45
42838.4
42842.7
42840.65
42841.45
42841.05
42839.2
42836
42838.6
42827.95
42827.4
42820.95
42820.6
42820.6
42814.35
42821.2
42827.55
42826.3
42822.55
42830.8
42825.8
42820.85
42815.6
42815
42823.1
42825.6
42824.05
42818.25
42822.7
42820
42821.95
42813.15
42821.1
42810.3
42809.15
42804.65
42793.65
42786.85
42784.4
42784.4
42799.6
42804.45
42820
42820
42815.1
42814.6
42819.15
42819.15
42811.7
42813.55
42816.15
42818.8
42823.4
42830.9
42832.7
42837.5
42836.75
42855
42855
42860.35
42853.15
42851.75
42829.8
42827.75
42822.9
42824
42821.5
42823.25
42821.75
42829
42825.7
42825.7
42824.25
42815.95
42811.85
42808.25
42805.7
42804.75
42809.8
42815.4
42819.4
42817.15
42809
42808.8
42804.35
42800.7
42800.6
42801.7
42803.35
42801.45
42791.9
42796.45
42791.85
42797.3
42797.45
42797.85
42803.7
42792.3
42790.9
42803.35
42797.55
42802.1
42795
42801.7
42805.95
42806.1
42820.3
42822.75
42822.75
42826.6
42822.45
42824.75
42830
42828.8
42830.5
42831.05
42830.75
42825.3
42823.1
42826.2
42826.05
42826.35
42819.85
42829.6
42829.35
42827.2
42829.6
42829.6
42831.3
42826.25
42825.6
42829.4
42833.9
42833.4
42833.4
42832.95
42827.8
42828.4
42842
42842
42843.25
42844.4
42844.35
42845.6
42844.05
42848.3
42853.75
42853.75
42855.1
42858.4
42863.1
42857.3
42858.65
42855.75
42855.95
42858
42858
42864.15
42861.8
42863.9
42865.55
42864.95
42864.95
42864.95
42858.75
42852.35
42861.85
42861.85
42864.35
42865.55
42869.8
42872.15
42872.15
42876.2
42874.15
