42753.25
42730.9
42735.45
42736.85
42736.65
42714
42711.4
42717
42715.95
42705
42708.35
42708.35
42707.35
42707.35
42707.35
42713.5
42712.7
42727
42715.5
42738.2
42752.4
42753.2
42742.75
42762.2
42759.25
42764.4
42773.55
42778.85
42782.1
42779.55
42794.25
42807.25
42804.5
42811.25
42803.05
42807.6
42774.05
42782.4
42780.65
42786.9
42794.7
42794.7
42791.5
42791.5
42791.5
42793.05
42804.05
42810.85
42818.1
42823.95
42822.6
42820.3
42831.15
42827.85
42826.05
42831.9
42834.35
42837.65
42839.25
42844.65
42846.45
42840.65
42855.25
42862.45
42862.45
42859.65
42862.65
42873.85
42877.95
42876.1
42862.85
42838.3
42833.7
42818.5
42809.8
42823.6
42825.65
42818.2
42817.75
42816.6
42814.7
42812.4
42807.8
42821.95
42821.15
42828.7
42819.5
42815.1
42813.35
42812.1
42809.05
42803.9
42800.55
42802.95
42802.5
42807.3
42802.8
42810.2
42806.05
42804.3
42807.3
42807.95
42809.4
42810.05
42810.8
42810.75
42809.2
42812.25
42807.5
42807.25
42805.35
42805.9
42805.35
42798.35
42794.4
42796.15
42782.5
42780.65
42771.75
42774.85
42769.15
42772.6
42776.25
42776.25
42772.65
42768.45
42773.5
42778.65
42780.85
42778.6
42784.9
42784.9
42779.1
42780.75
42772.85
42770.85
42766.15
42762.4
42763.05
42766.25
42761.05
42761.15
42764.6
42767.3
42770.7
42768.7
42790.1
42794.45
42793.9
42810.45
42810.25
42821.3
42831.05
42842.8
42844
42843.05
42840.1
42839.25
42825.1
42825.1
42826.2
42830.85
42828.25
42829.05
42828.8
42819.7
42826.15
42826.75
42828
42825.45
42826.35
42826.35
42824.1
42824.1
42823.45
42830.4
42836.25
42844.5
42848.45
42844.55
42853.2
42852.7
42842.15
42829.45
42823.3
42824.1
42827.25
42825.2
42827.25
42832.35
42836.6
42829.3
42824.55
42818.65
42820.35
42801.5
42808.15
42810.3
42807.35
42806.05
42802.4
42801.85
42804.5
42803
42803.05
