43468.5
43468.5
43468.05
43464.85
43449.25
43455.75
43454.8
43469.9
43472.55
43480.45
43481.25
43482.05
43477.95
43476.45
43480.6
43479.75
43500
43504.1
43508.3
43499.75
43513.95
43511.5
43515.75
43504.5
43523.55
43515.5
43512.15
43506
43499.05
43491.15
43486.5
43480.25
43478.25
43479.25
43471.25
43480.35
43480.35
43475.55
43475.15
43478.9
43471.95
43475.45
43467.95
43468.9
43463.35
43471.9
43476.5
43482.6
43476.5
43474.35
43474.35
43477.4
43488.7
43490.1
43484.1
43482.1
43481.95
43482.1
43477.1
43478.3
43477.1
43483
43475.05
43477.2
43479.9
43473.05
43463.95
43469.3
43472.45
43464.55
43468.55
43463.85
43464.15
43472.95
43467.3
43465.15
43465.5
43466.6
43469.75
43469.75
43465.3
43474.4
43467.3
43471.15
43477.1
43471.75
43476.65
43481.55
43481.1
43481.5
43485.4
43479.8
43476.8
43480.15
43480.25
43483.65
43479.85
43475.5
43474.25
43479.6
43479.6
43475.7
43479.05
43483.9
43484.4
43480.9
43485.9
43494.85
43494.85
43492.9
43500.3
43501.35
43503.8
43496.2
43494.1
43490.8
43487
43474.8
43471.4
43473
43473
43470.7
43469.8
43473.1
43473.65
43478.3
43479.45
43478.65
43479.75
43482.25
43482.4
43485.5
43477.25
43486.3
43487.7
43478.3
43482.1
43487.05
43484.45
43485.15
43487.95
43487.5
43492.75
43486.55
43490.55
43487.55
43489.5
43489.9
43492.4
43490.45
43489.3
43489.3
43495.1
43495.1
43494.85
43494.75
43498.35
43495
43501.9
43501.9
43502.85
43501.75
43505.4
43508.15
43507.5
43505.7
43504
43504.1
43506.75
43504.45
43511.25
43511.6
43503.75
43513.75
43508.15
43506.45
43502.25
43502.05
43501.35
43504.55
43498.2
43499.25
43500.35
43504.3
43501.85
43495.55
43495.55
43488.4
43485
43486.7
43487.8
43487.8
43481.05
43485.05
43485.05
43486
43486
43489.1
43489.35
43489
43485.2
43487.7
43487.7
43491.3
43485.45
43485.85
43485.75
43485.75
43491.8
43489.45
43487.4
43492.65
43490.7
43488.45
43491.2
43493.6
43484.7
43487.05
43489.45
43490.75
43492
43497.75
43500.1
43497.3
43495.95
43495.15
43495.7
43497.1
43498.9
43498.9
43498.55
43498.15
43496.45
43495.3
43495.9
43490.35
43490.35
43498.3
43498.25
43501.45
43502.3
43508.2
43505.4
43505.85
43516.8
43518.8
43515.05
43520
43519.75
43522.8
43521.45
