42690.4
42670.95
42662.35
42650.5
42641
42645.9
42645.9
42674.2
42678.15
42670.35
42675.4
42676.35
42666.4
42674.2
42660.85
42668.1
42662.2
42646.75
42648.7
42648.4
42648.4
42659.55
42649.2
42668.7
42656.95
42654.4
42654.85
42660.25
42663.55
42661.65
42652.6
42654.55
42664.65
42659.15
42651.15
42660
42657.35
42645.75
42643.75
42639.5
42645.4
42641.6
42638.65
42638.05
42636.85
42642.4
42632.85
42624.2
42614.35
42627.2
42633.75
42629.1
42631.5
42626.7
42631.25
42623.2
42630.25
42630.25
42633.35
42641.35
42632.2
42635
42634.2
42627.55
42638.35
42638.9
42632.3
42626.95
42629.25
42625.05
42624.5
42621.95
42618.75
42611.3
42612.9
42614.75
42614.35
42610.4
42607.95
42613.45
42606.05
42614.45
42614.3
42615.05
42611.85
42611.65
42613.55
42614.45
42613.55
42612
42611.55
42613.7
42608.8
42611.5
42606.9
42608.7
42606.85
42604.05
42605.05
42604.65
42605.35
42605.25
42605.4
42602.65
42605.7
42606.2
42605.9
42604.75
42606.95
42606.95
42612.3
42610.65
42610.65
42613.05
42613.05
42622.3
42638.3
42641
42638.85
42638.85
42650.25
42648.95
42652.9
42650.15
42655.4
42655.4
42655.3
42655.3
42654.45
42654.25
42657.1
42656.15
42654.25
42654.1
42661.35
42657.2
42660.1
42657
42652.75
42646.5
42646.5
42643.4
42642
42642
42649.55
42648.7
42649.55
42644.9
42645.3
42646.85
42644.95
42645
42641.4
42642.7
42641.75
42634
42633.55
42628.9
42634.55
42629.55
42627.85
42632.4
42630.1
42633.8
42632.9
42632.8
42632.8
42628.1
42625.6
42620.05
42623.4
42622.35
42622
42624.35
42624.35
42615.9
42621.55
42618.85
42622.55
42617.6
42622.35
42621.9
42625.3
42637.4
42632.65
42638.3
42631.65
42635.9
42635.6
42628.75
42632.55
42632.55
42634.15
42634.15
42632.55
42633.25
42632.45
42640.85
42634.6
42637.6
42641.7
42636.5
42635.1
42635.35
42635.4
42634.6
42631.45
42631.45
42631.2
42636.4
42628.3
42632.95
42632.95
42636.35
42634.75
42634.1
42633.1
42632.65
42631
42631.35
42631.35
42626.85
42630.15
42625.85
42630.95
42628.25
42632.2
42619.15
42621.35
42616.55
42612.5
42618.45
42611.45
42614.25
42611.55
42613.6
42610.95
42609.15
42611.85
42611.85
42611.75
42610.5
42610.5
42610.5
42606.2
42606.2
42608.8
42608.55
42599.7
42600.8
42599.6
42596.2
42596.35
42594.35
42597
42595.3
42593.8
42592.45
42589.15
