41716.35
41716.35
41686.85
41695.65
41702.7
41739.9
41739.1
41755.8
41762.3
41774.25
41778.1
41775
41767.7
41774.85
41772.5
41772.95
41784.6
41780.4
41792.25
41802.8
41809.15
41812.9
41814.7
41813.15
41804.05
41821
41813.85
41793.5
41787.95
41769.3
41741.2
41728.5
41711.4
41711.6
41711.6
41703.25
41696.8
41682.8
41680.5
41682.4
41678.9
41694.8
41698.45
41705.4
41717.05
41701.85
41687.85
41687.55
41687.55
41667.5
41657
41641.5
41629.8
41635.7
41610.2
41596.75
41594.45
41628
41622.8
41617.8
41616.8
41625.5
41609.45
41624.3
41633.35
41633.35
41630.45
41627.9
41627.9
41631.1
41620.1
41616.6
41620
41612.75
41610.15
41603.4
41594.85
41588.5
41591.8
41598
41594.15
41591.65
41592.85
41600.75
41602.05
41595.35
41590.1
41588.65
41574.55
41578.75
41577.4
41577.4
41571.95
41578.35
41574.35
41583.8
41576.65
41576.65
41595.9
41603.9
41616.2
41621.55
41617.15
41623.6
41633.4
41622.75
41617.55
41607.25
41616.25
41622.9
41627.45
41635.95
41651.45
41653.45
41655.15
41660.85
41668.25
41666.6
41681.25
41676.6
41673.15
41674.55
41670.75
41667.85
41658.5
41659.7
41661
41656.05
41653.5
41649.05
41654.25
41658.2
41681.15
41689.25
41689.65
41686.55
41695.75
41689.35
41680.35
41665
41647.65
41651.05
41651.05
41651.05
41655.35
41652.45
41650.95
41655.05
41655.15
41648.2
41650.45
41650.45
41662.9
41662.9
41686.4
41687.05
41681.85
41685.35
41677.1
41680.1
41673.05
41668.4
41665.7
41665.7
41659.95
41664.2
41664.2
41661.4
41662.6
41662.7
41662.7
41665.75
41668.8
41673.05
41675.45
41675.35
41678.1
41672.6
41672.6
41677.85
41683.95
41683.95
41683.25
41685.45
41684.9
41684.4
41660.7
41661.9
41654.35
41658.7
41662.55
41673.2
41673.2
41669.2
41684
41688
41690.5
41698.9
41703.7
41704.5
41708.15
41712.25
41714.35
41715.3
41718.4
41714.25
41725.2
41728.8
41732
41729.65
41731.15
41741.7
41748.6
41749.5
41760.45
41766.05
41748.65
41744.55
41743.5
41739.8
41745.1
41750
41758.25
41759.75
41767.4
41773.1
41779.4
41776.85
41787.8
41785.75
41788.15
41778.75
41778.15
41779.8
